"Date","Facebook","Instagram","Pinterest","Twitter","YouTube","LinkedIn","reddit","Tumblr","VKontakte","news.ycombinator.com","Other"
2023-04,85,5.07,4.61,3.24,1.11,0.32,0.24,0.33,0.06,0.02,0
2023-05,80.54,7.39,5.82,3.49,1.43,0.45,0.27,0.52,0.07,0.01,0
2023-06,83.99,5.95,4.01,3.49,1.44,0.39,0.35,0.29,0.06,0.02,0.01
2023-07,85.05,6.46,4.04,2.25,1.24,0.34,0.32,0.24,0.05,0,0.01
2023-08,85.42,5.96,4.62,1.77,1.27,0.37,0.29,0.26,0.03,0,0.01
2023-09,82.87,6.71,6.42,1.51,1.25,0.4,0.35,0.35,0.13,0,0.01
2023-10,80.09,6.2,8.39,1.81,1.83,0.89,0.34,0.4,0.04,0,0
2023-11,80.16,6.44,8.48,1.48,1.89,0.76,0.37,0.39,0.03,0,0.01
2023-12,82.09,5.88,6.64,1.9,2.03,0.62,0.46,0.35,0.02,0.01,0.01
2024-01,82.94,5.93,6.43,1.27,1.88,0.68,0.45,0.32,0.08,0.01,0.01
2024-02,83.05,6.71,6.01,1.23,1.61,0.72,0.4,0.2,0.04,0.03,0.01
2024-03,79.73,8.03,5.67,1.36,3,0.83,0.51,0.71,0.08,0.02,0.06
2024-04,79.86,7.51,6.02,2.2,2.84,0.57,0.6,0.28,0.06,0.02,0.04
